60.0 27.0 325.0 304.0
139.0 30.0 153.0 264.0
14.0 112.0 388.0 186.0
112.0 90.0 255.0 242.0
33.0 53.0 251.0 395.0
7.0 75.0 420.0 262.0
27.0 4.0 199.0 201.0
1.0 52.0 342.0 260.0
47.0 21.0 179.0 249.0
36.0 32.0 197.0 457.0
37.0 40.0 262.0 184.0
23.0 80.0 395.0 237.0
141.0 87.0 256.0 211.0
45.0 58.0 254.0 249.0
135.0 83.0 304.0 181.0
23.0 195.0 255.0 122.0
11.0 77.0 281.0 139.0
5.0 4.0 210.0 130.0
154.0 93.0 188.0 165.0
50.0 25.0 156.0 139.0
172.0 106.0 265.0 214.0
37.0 61.0 409.0 180.0
65.0 62.0 309.0 345.0
1.0 2.0 499.0 286.0
90.0 29.0 224.0 211.0
82.0 52.0 260.0 260.0
66.0 115.0 360.0 214.0
19.0 18.0 464.0 294.0
72.0 40.0 286.0 225.0
40.0 4.0 368.0 445.0
69.0 57.0 199.0 141.0
130.0 29.0 202.0 393.0
53.0 46.0 302.0 317.0
25.0 17.0 368.0 299.0
137.0 64.0 287.0 156.0
111.0 42.0 133.0 219.0
58.0 51.0 388.0 211.0
13.0 28.0 212.0 283.0
5.0 127.0 496.0 131.0
113.0 260.0 127.0 130.0
24.0 144.0 433.0 130.0
151.0 152.0 310.0 200.0
60.0 29.0 432.0 355.0
131.0 36.0 212.0 304.0
214.0 87.0 204.0 179.0
46.0 24.0 197.0 117.0
72.0 29.0 224.0 262.0
96.0 77.0 260.0 170.0
72.0 68.0 383.0 225.0
60.0 128.0 438.0 106.0
32.0 35.0 259.0 361.0
41.0 79.0 387.0 202.0
108.0 123.0 230.0 149.0
82.0 75.0 308.0 260.0
89.0 172.0 108.0 146.0
83.0 124.0 211.0 250.0
75.0 80.0 375.0 277.0
41.0 31.0 384.0 260.0
38.0 91.0 316.0 193.0
137.0 72.0 202.0 211.0
15.0 25.0 409.0 274.0
193.0 46.0 202.0 195.0
99.0 115.0 316.0 284.0
71.0 50.0 312.0 236.0
67.0 25.0 358.0 248.0
109.0 13.0 276.0 295.0
35.0 114.0 418.0 216.0
41.0 89.0 378.0 304.0
157.0 36.0 195.0 365.0
30.0 7.0 437.0 321.0
84.0 25.0 285.0 307.0
193.0 53.0 244.0 254.0
119.0 42.0 118.0 123.0
135.0 120.0 201.0 138.0
45.0 10.0 322.0 281.0
120.0 60.0 101.0 218.0
151.0 23.0 274.0 351.0
46.0 71.0 403.0 280.0
118.0 19.0 222.0 294.0
13.0 58.0 473.0 243.0
125.0 72.0 306.0 149.0
152.0 41.0 187.0 271.0
83.0 90.0 245.0 394.0
127.0 55.0 252.0 182.0
116.0 18.0 283.0 314.0
64.0 94.0 287.0 223.0
138.0 88.0 120.0 156.0
148.0 115.0 149.0 193.0
140.0 100.0 237.0 199.0
31.0 52.0 377.0 172.0
26.0 53.0 331.0 211.0
183.0 80.0 237.0 200.0
128.0 109.0 221.0 198.0
165.0 48.0 166.0 268.0
145.0 42.0 182.0 288.0
77.0 93.0 163.0 178.0
196.0 96.0 222.0 147.0
105.0 133.0 168.0 283.0
169.0 41.0 180.0 249.0
1.0 134.0 316.0 345.0
36.0 63.0 448.0 252.0
55.0 49.0 176.0 150.0
206.0 107.0 140.0 115.0
98.0 24.0 240.0 313.0
114.0 30.0 205.0 281.0
75.0 2.0 397.0 330.0
86.0 57.0 130.0 270.0
49.0 75.0 366.0 157.0
121.0 74.0 149.0 134.0
134.0 96.0 123.0 289.0
98.0 140.0 181.0 247.0
6.0 1.0 493.0 497.0
9.0 67.0 312.0 252.0
1.0 14.0 250.0 248.0
1.0 15.0 415.0 302.0
191.0 51.0 233.0 253.0
0.0 67.0 212.0 163.0
122.0 35.0 377.0 297.0
105.0 77.0 267.0 159.0
12.0 9.0 466.0 307.0
14.0 39.0 455.0 167.0
165.0 55.0 128.0 219.0
37.0 35.0 142.0 141.0
113.0 91.0 287.0 153.0
15.0 46.0 410.0 338.0
145.0 104.0 217.0 215.0
136.0 6.0 222.0 340.0
0.0 0.0 400.0 378.0
139.0 33.0 337.0 319.0
247.0 62.0 217.0 251.0
123.0 46.0 267.0 408.0
55.0 65.0 319.0 364.0
0.0 74.0 443.0 200.0
22.0 98.0 449.0 192.0
132.0 82.0 268.0 206.0
150.0 44.0 156.0 192.0
209.0 1.0 145.0 326.0
236.0 36.0 123.0 115.0
95.0 65.0 379.0 185.0
20.0 18.0 314.0 367.0
19.0 9.0 183.0 405.0
77.0 38.0 171.0 158.0
140.0 76.0 141.0 297.0
62.0 108.0 308.0 310.0
113.0 88.0 216.0 268.0
61.0 41.0 230.0 414.0
226.0 140.0 163.0 109.0
63.0 90.0 435.0 199.0
115.0 62.0 323.0 286.0
71.0 43.0 320.0 245.0
200.0 149.0 111.0 117.0
166.0 113.0 233.0 152.0
170.0 73.0 145.0 212.0
61.0 52.0 377.0 290.0
205.0 140.0 182.0 173.0
228.0 28.0 187.0 281.0
166.0 86.0 207.0 214.0
174.0 29.0 264.0 370.0
102.0 103.0 209.0 342.0
103.0 46.0 174.0 328.0
165.0 86.0 126.0 156.0
92.0 94.0 213.0 295.0
247.0 135.0 106.0 171.0
68.0 157.0 242.0 220.0
169.0 105.0 220.0 221.0
131.0 101.0 175.0 230.0
147.0 142.0 148.0 208.0
178.0 28.0 124.0 286.0
65.0 54.0 154.0 374.0
120.0 144.0 239.0 257.0
22.0 103.0 233.0 314.0
34.0 138.0 287.0 158.0
143.0 70.0 166.0 255.0
110.0 67.0 389.0 233.0
187.0 60.0 134.0 255.0
290.0 97.0 145.0 142.0
58.0 54.0 441.0 320.0
160.0 65.0 156.0 234.0
94.0 22.0 222.0 470.0
123.0 49.0 306.0 200.0
110.0 52.0 219.0 368.0
122.0 64.0 176.0 338.0
188.0 151.0 197.0 115.0
91.0 53.0 250.0 221.0
116.0 37.0 144.0 453.0
114.0 86.0 302.0 285.0
155.0 118.0 222.0 184.0
215.0 59.0 111.0 353.0
55.0 46.0 121.0 119.0
183.0 98.0 114.0 217.0
204.0 60.0 152.0 281.0
48.0 68.0 167.0 414.0
101.0 64.0 165.0 404.0
52.0 51.0 278.0 448.0
22.0 45.0 225.0 373.0
1.0 14.0 295.0 224.0
25.0 39.0 247.0 460.0
124.0 116.0 235.0 245.0
39.0 59.0 175.0 212.0
32.0 43.0 138.0 128.0
130.0 59.0 176.0 400.0
31.0 9.0 139.0 255.0
156.0 54.0 236.0 423.0
11.0 8.0 201.0 302.0
5.0 25.0 308.0 459.0
45.0 23.0 256.0 447.0
10.0 69.0 220.0 299.0
114.0 75.0 143.0 338.0
53.0 62.0 142.0 280.0
84.0 101.0 117.0 251.0
98.0 57.0 122.0 286.0
60.0 54.0 226.0 264.0
252.0 54.0 111.0 211.0
118.0 9.0 271.0 466.0
58.0 50.0 128.0 191.0
52.0 63.0 295.0 424.0
236.0 125.0 147.0 113.0
0.0 0.0 500.0 375.0
189.0 235.0 105.0 143.0
130.0 145.0 146.0 117.0
177.0 146.0 186.0 173.0
38.0 17.0 388.0 359.0
177.0 27.0 177.0 387.0
10.0 157.0 183.0 274.0
120.0 82.0 121.0 143.0
82.0 22.0 387.0 362.0
205.0 94.0 193.0 212.0
144.0 31.0 192.0 333.0
59.0 34.0 281.0 450.0
89.0 52.0 136.0 174.0
92.0 90.0 126.0 202.0
23.0 78.0 254.0 326.0
28.0 133.0 167.0 278.0
157.0 50.0 186.0 292.0
54.0 118.0 195.0 297.0
57.0 90.0 300.0 313.0
42.0 36.0 204.0 338.0
81.0 107.0 192.0 329.0
103.0 89.0 107.0 143.0
95.0 111.0 227.0 310.0
62.0 65.0 146.0 240.0
120.0 37.0 205.0 262.0
24.0 21.0 241.0 417.0
75.0 58.0 268.0 222.0
52.0 35.0 373.0 371.0
14.0 8.0 179.0 207.0
120.0 120.0 203.0 101.0
116.0 95.0 272.0 222.0
80.0 82.0 151.0 162.0
109.0 94.0 164.0 212.0
1.0 106.0 192.0 296.0
95.0 69.0 161.0 130.0
175.0 217.0 157.0 179.0
122.0 70.0 228.0 261.0
85.0 87.0 147.0 232.0
134.0 74.0 132.0 162.0
21.0 10.0 389.0 461.0
71.0 77.0 268.0 344.0
138.0 55.0 338.0 259.0
56.0 89.0 189.0 373.0
13.0 42.0 349.0 312.0
106.0 92.0 197.0 288.0
194.0 139.0 111.0 245.0
71.0 66.0 146.0 228.0
117.0 45.0 106.0 188.0
40.0 22.0 113.0 151.0
66.0 87.0 205.0 278.0
68.0 133.0 276.0 301.0
138.0 73.0 291.0 312.0
126.0 147.0 169.0 245.0
162.0 11.0 174.0 364.0
120.0 172.0 183.0 278.0
88.0 96.0 222.0 385.0
185.0 6.0 158.0 317.0
112.0 31.0 162.0 278.0
50.0 164.0 189.0 279.0
149.0 64.0 280.0 270.0
48.0 107.0 213.0 319.0
92.0 39.0 191.0 200.0
81.0 141.0 173.0 346.0
50.0 81.0 149.0 213.0
169.0 89.0 229.0 240.0
61.0 83.0 236.0 141.0
164.0 84.0 178.0 228.0
90.0 100.0 225.0 314.0
65.0 47.0 191.0 116.0
248.0 170.0 141.0 226.0
78.0 61.0 411.0 279.0
185.0 49.0 232.0 272.0
81.0 62.0 189.0 412.0
142.0 111.0 198.0 327.0
9.0 40.0 109.0 129.0
0.0 22.0 197.0 261.0
48.0 82.0 234.0 309.0
47.0 76.0 181.0 249.0
49.0 155.0 230.0 244.0
9.0 12.0 154.0 137.0
86.0 90.0 168.0 355.0
178.0 129.0 135.0 155.0
28.0 72.0 438.0 167.0
172.0 148.0 217.0 135.0
0.0 6.0 360.0 386.0
3.0 78.0 465.0 254.0
30.0 112.0 357.0 177.0
76.0 61.0 161.0 102.0
202.0 67.0 209.0 296.0
160.0 87.0 115.0 103.0
49.0 19.0 174.0 105.0
90.0 98.0 210.0 311.0
127.0 108.0 234.0 115.0
54.0 99.0 297.0 116.0
126.0 82.0 161.0 132.0
52.0 75.0 171.0 177.0
14.0 34.0 370.0 188.0
87.0 7.0 366.0 261.0
105.0 54.0 304.0 166.0
48.0 61.0 369.0 283.0
77.0 77.0 233.0 110.0
127.0 92.0 174.0 153.0
23.0 47.0 329.0 174.0
96.0 79.0 313.0 112.0
51.0 27.0 138.0 110.0
71.0 84.0 410.0 326.0
33.0 168.0 247.0 102.0
56.0 71.0 146.0 175.0
72.0 35.0 133.0 105.0
20.0 20.0 132.0 105.0
40.0 31.0 155.0 109.0
13.0 107.0 330.0 146.0
59.0 15.0 266.0 175.0
31.0 119.0 248.0 166.0
161.0 82.0 165.0 149.0
146.0 96.0 285.0 149.0
54.0 75.0 304.0 229.0
227.0 130.0 188.0 102.0
4.0 29.0 495.0 470.0
157.0 111.0 106.0 100.0
107.0 34.0 390.0 282.0
7.0 122.0 296.0 364.0
90.0 77.0 192.0 313.0
77.0 41.0 245.0 285.0
90.0 119.0 181.0 310.0
73.0 72.0 410.0 192.0
117.0 48.0 324.0 205.0
102.0 104.0 327.0 180.0
192.0 181.0 296.0 171.0
42.0 37.0 341.0 221.0
71.0 144.0 189.0 319.0
85.0 137.0 290.0 193.0
166.0 53.0 211.0 249.0
153.0 77.0 257.0 251.0
101.0 95.0 243.0 192.0
64.0 27.0 328.0 211.0
50.0 42.0 222.0 319.0
212.0 111.0 164.0 124.0
271.0 32.0 124.0 453.0
161.0 41.0 175.0 374.0
214.0 98.0 228.0 266.0
9.0 104.0 321.0 172.0
128.0 38.0 251.0 270.0
76.0 25.0 153.0 151.0
204.0 14.0 283.0 267.0
96.0 114.0 291.0 155.0
144.0 88.0 264.0 189.0
16.0 80.0 417.0 254.0
28.0 34.0 417.0 318.0
56.0 83.0 277.0 321.0
140.0 53.0 191.0 261.0
48.0 86.0 126.0 104.0
134.0 126.0 207.0 270.0
74.0 112.0 237.0 239.0
117.0 86.0 368.0 197.0
147.0 29.0 293.0 280.0
35.0 18.0 373.0 332.0
9.0 16.0 488.0 339.0
73.0 112.0 190.0 300.0
62.0 33.0 437.0 341.0
58.0 48.0 291.0 395.0
65.0 224.0 323.0 238.0
214.0 42.0 222.0 290.0
218.0 82.0 234.0 294.0
21.0 43.0 405.0 328.0
82.0 52.0 326.0 376.0
95.0 73.0 282.0 320.0
187.0 129.0 131.0 226.0
110.0 144.0 171.0 156.0
218.0 39.0 205.0 360.0
75.0 74.0 255.0 190.0
208.0 180.0 100.0 108.0
147.0 39.0 137.0 277.0
141.0 148.0 173.0 174.0
204.0 101.0 180.0 122.0
88.0 101.0 234.0 182.0
112.0 143.0 218.0 219.0
77.0 95.0 155.0 222.0
39.0 128.0 295.0 188.0
159.0 90.0 109.0 139.0
121.0 103.0 354.0 191.0
74.0 15.0 425.0 316.0
15.0 90.0 366.0 204.0
82.0 60.0 282.0 211.0
52.0 142.0 251.0 202.0
4.0 67.0 457.0 260.0
149.0 137.0 210.0 201.0
136.0 97.0 150.0 170.0
72.0 53.0 415.0 182.0
116.0 81.0 256.0 193.0
60.0 68.0 265.0 367.0
115.0 106.0 185.0 338.0
108.0 39.0 124.0 173.0
2.0 58.0 477.0 258.0
200.0 75.0 219.0 242.0
36.0 97.0 296.0 328.0
41.0 28.0 438.0 274.0
156.0 45.0 168.0 251.0
53.0 158.0 253.0 186.0
108.0 54.0 349.0 280.0
85.0 151.0 160.0 205.0
237.0 137.0 196.0 223.0
184.0 93.0 234.0 167.0
29.0 98.0 398.0 221.0
94.0 115.0 253.0 122.0
75.0 84.0 294.0 221.0
228.0 137.0 194.0 225.0
255.0 125.0 158.0 116.0
103.0 83.0 185.0 409.0
50.0 146.0 152.0 102.0
170.0 97.0 191.0 224.0
141.0 84.0 259.0 228.0
17.0 24.0 457.0 450.0
145.0 88.0 304.0 195.0
133.0 61.0 255.0 215.0
