80.0 46.0 106.0 275.0
120.0 88.0 327.0 169.0
151.0 78.0 244.0 231.0
69.0 41.0 206.0 206.0
71.0 33.0 323.0 261.0
46.0 27.0 324.0 289.0
93.0 48.0 275.0 263.0
179.0 130.0 149.0 154.0
136.0 75.0 245.0 216.0
93.0 60.0 153.0 350.0
159.0 84.0 159.0 159.0
47.0 56.0 149.0 109.0
98.0 53.0 285.0 246.0
171.0 29.0 188.0 330.0
151.0 23.0 101.0 278.0
76.0 18.0 293.0 284.0
67.0 64.0 231.0 404.0
82.0 97.0 337.0 217.0
97.0 99.0 424.0 156.0
80.0 65.0 295.0 205.0
50.0 55.0 387.0 279.0
16.0 33.0 279.0 454.0
126.0 42.0 150.0 270.0
53.0 69.0 381.0 267.0
53.0 110.0 419.0 185.0
117.0 86.0 353.0 160.0
97.0 105.0 225.0 189.0
120.0 31.0 326.0 256.0
90.0 135.0 183.0 286.0
19.0 47.0 183.0 295.0
22.0 16.0 309.0 410.0
89.0 6.0 334.0 289.0
94.0 40.0 215.0 194.0
95.0 58.0 260.0 336.0
159.0 23.0 175.0 333.0
98.0 82.0 107.0 191.0
73.0 30.0 327.0 349.0
74.0 75.0 367.0 279.0
25.0 43.0 383.0 443.0
87.0 110.0 160.0 309.0
152.0 50.0 102.0 171.0
68.0 66.0 371.0 243.0
180.0 65.0 116.0 222.0
120.0 79.0 350.0 239.0
151.0 79.0 165.0 166.0
80.0 35.0 279.0 323.0
131.0 47.0 161.0 295.0
112.0 24.0 315.0 372.0
123.0 23.0 252.0 267.0
42.0 140.0 217.0 311.0
42.0 101.0 148.0 234.0
123.0 39.0 286.0 205.0
177.0 97.0 230.0 248.0
68.0 71.0 229.0 361.0
218.0 89.0 121.0 173.0
87.0 -1.0 358.0 387.0
14.0 7.0 263.0 455.0
97.0 114.0 225.0 329.0
91.0 85.0 255.0 238.0
90.0 74.0 228.0 207.0
13.0 8.0 122.0 140.0
62.0 92.0 122.0 172.0
67.0 73.0 181.0 209.0
76.0 60.0 92.0 191.0
41.0 115.0 134.0 180.0
24.0 25.0 146.0 190.0
139.0 76.0 236.0 227.0
133.0 95.0 209.0 326.0
82.0 69.0 221.0 384.0
111.0 44.0 341.0 241.0
170.0 48.0 260.0 214.0
90.0 53.0 183.0 175.0
65.0 87.0 289.0 236.0
134.0 84.0 221.0 327.0
84.0 49.0 205.0 453.0
146.0 33.0 252.0 311.0
67.0 43.0 209.0 411.0
21.0 23.0 462.0 249.0
73.0 67.0 337.0 283.0
79.0 44.0 227.0 204.0
62.0 59.0 231.0 156.0
70.0 29.0 221.0 192.0
17.0 32.0 288.0 260.0
79.0 44.0 204.0 180.0
69.0 36.0 333.0 269.0
169.0 81.0 231.0 231.0
60.0 69.0 302.0 235.0
135.0 105.0 193.0 172.0
83.0 80.0 314.0 245.0
220.0 121.0 184.0 171.0
94.0 12.0 357.0 309.0
84.0 104.0 276.0 177.0
174.0 78.0 193.0 176.0
183.0 133.0 183.0 160.0
120.0 51.0 303.0 224.0
193.0 86.0 233.0 178.0
217.0 96.0 195.0 149.0
41.0 30.0 245.0 309.0
41.0 64.0 363.0 366.0
91.0 107.0 309.0 234.0
106.0 148.0 129.0 259.0
2.0 75.0 324.0 416.0
112.0 76.0 283.0 247.0
158.0 54.0 266.0 235.0
22.0 103.0 355.0 375.0
22.0 53.0 345.0 489.0
42.0 97.0 268.0 370.0
101.0 111.0 263.0 205.0
92.0 76.0 331.0 264.0
158.0 94.0 174.0 201.0
54.0 137.0 247.0 360.0
